{
 "cells": [
  {
   "cell_type": "code",
   "execution_count": 8,
   "metadata": {},
   "outputs": [],
   "source": [
    "import numpy as np\n",
    "import numpy.linalg as la\n",
    "import matplotlib\n",
    "from scipy.linalg import sqrtm, logm, expm\n",
    "from utils import random_psd, karcher_mean\n",
    "from geometric_optimizers import RGD_optimizer, RAGD_optimizer, RAGDsDR_optimizer, Riemann_coupling, RAGDsDR_optimizer_no_transp\n",
    "import matplotlib.pyplot as plt\n",
    "from pymanopt.manifolds import PositiveDefinite\n",
    "import torch\n",
    "import random\n",
    "import time\n",
    "\n",
    "%config InlineBackend.figure_format = 'svg'"
   ]
  },
  {
   "cell_type": "code",
   "execution_count": 9,
   "metadata": {},
   "outputs": [],
   "source": [
    "d = 100 #problem dimension\n",
    "M = PositiveDefinite(d)   \n",
    "\n",
    "def dist(X,Y): return M.dist(X,Y)\n",
    "\n",
    "def log(X,Y): \n",
    "    return M.log(X,Y)\n",
    "\n",
    "def cost(X): return np.log(la.det(X))\n",
    "\n",
    "def grad(X): return X#return M.egrad2rgrad(X,la.inv(X))\n",
    "\n",
    "def exp_manopt(X,U): return np.dot(X,expm(np.dot(la.inv(X),U))) #VERY unstable\n",
    "\n",
    "def exp(X,U):\n",
    "    c = la.cholesky(X)\n",
    "    c_inv = la.inv(c)\n",
    "    e = expm(np.dot(np.dot(c_inv, U),c_inv.T))\n",
    "    return np.dot(np.dot(c, e), c.T)\n",
    "\n",
    "def retr(X,U):\n",
    "    return X + U + 0.5* np.dot(np.dot(U,la.inv(X)),U)\n",
    "\n",
    "def transp(X,Y,U): return M.transp(X,Y,U)\n",
    "\n",
    "#initialization\n",
    "np.random.seed(21)\n",
    "C=np.random.randn(d,d)\n",
    "x0 = np.dot(C,C.T)\n",
    "N=50\n",
    "L = 100"
   ]
  },
  {
   "cell_type": "code",
   "execution_count": 10,
   "metadata": {},
   "outputs": [
    {
     "name": "stdout",
     "output_type": "stream",
     "text": [
      " ---------------------------------------------- \n",
      "y 1.5389922629626411e+156\n",
      "[[ 1.14753968e+02 -4.48082370e+00 -1.21884345e+01 ...  8.08504989e-02\n",
      "  -2.49681664e+01  1.80080290e+01]\n",
      " [-4.48082370e+00  8.87985569e+01 -1.39947354e+00 ... -4.87114687e+00\n",
      "   1.36797199e+01  2.12751270e+00]\n",
      " [-1.21884345e+01 -1.39947354e+00  9.83705764e+01 ... -5.31085741e-01\n",
      "   1.49781947e+01 -7.30158386e+00]\n",
      " ...\n",
      " [ 8.08504989e-02 -4.87114687e+00 -5.31085741e-01 ...  9.76484365e+01\n",
      "  -6.92494734e+00  1.52132815e+00]\n",
      " [-2.49681664e+01  1.36797199e+01  1.49781947e+01 ... -6.92494734e+00\n",
      "   1.03477126e+02 -5.88237047e+00]\n",
      " [ 1.80080290e+01  2.12751270e+00 -7.30158386e+00 ...  1.52132815e+00\n",
      "  -5.88237047e+00  9.40137421e+01]]\n",
      "x 5.66163613665902e+155\n",
      "[[ 1.13612147e+02 -4.43623876e+00 -1.20671576e+01 ...  8.00460230e-02\n",
      "  -2.47197290e+01  1.78288461e+01]\n",
      " [-4.43623876e+00  8.79149965e+01 -1.38554855e+00 ... -4.82267814e+00\n",
      "   1.35436044e+01  2.10634360e+00]\n",
      " [-1.20671576e+01 -1.38554855e+00  9.73917728e+01 ... -5.25801350e-01\n",
      "   1.48291592e+01 -7.22893189e+00]\n",
      " ...\n",
      " [ 8.00460230e-02 -4.82267814e+00 -5.25801350e-01 ...  9.66768183e+01\n",
      "  -6.85604296e+00  1.50619068e+00]\n",
      " [-2.47197290e+01  1.35436044e+01  1.48291592e+01 ... -6.85604296e+00\n",
      "   1.02447511e+02 -5.82383990e+00]\n",
      " [ 1.78288461e+01  2.10634360e+00 -7.22893189e+00 ...  1.50619068e+00\n",
      "  -5.82383990e+00  9.30782897e+01]]\n",
      "grad y\n",
      "[[ 1.14753968e+02 -4.48082370e+00 -1.21884345e+01 ...  8.08504989e-02\n",
      "  -2.49681664e+01  1.80080290e+01]\n",
      " [-4.48082370e+00  8.87985569e+01 -1.39947354e+00 ... -4.87114687e+00\n",
      "   1.36797199e+01  2.12751270e+00]\n",
      " [-1.21884345e+01 -1.39947354e+00  9.83705764e+01 ... -5.31085741e-01\n",
      "   1.49781947e+01 -7.30158386e+00]\n",
      " ...\n",
      " [ 8.08504989e-02 -4.87114687e+00 -5.31085741e-01 ...  9.76484365e+01\n",
      "  -6.92494734e+00  1.52132815e+00]\n",
      " [-2.49681664e+01  1.36797199e+01  1.49781947e+01 ... -6.92494734e+00\n",
      "   1.03477126e+02 -5.88237047e+00]\n",
      " [ 1.80080290e+01  2.12751270e+00 -7.30158386e+00 ...  1.52132815e+00\n",
      "  -5.88237047e+00  9.40137421e+01]]\n",
      "X\n",
      "[[ 1.14753968e+02 -4.48082370e+00 -1.21884345e+01 ...  8.08504989e-02\n",
      "  -2.49681664e+01  1.80080290e+01]\n",
      " [-4.48082370e+00  8.87985569e+01 -1.39947354e+00 ... -4.87114687e+00\n",
      "   1.36797199e+01  2.12751270e+00]\n",
      " [-1.21884345e+01 -1.39947354e+00  9.83705764e+01 ... -5.31085741e-01\n",
      "   1.49781947e+01 -7.30158386e+00]\n",
      " ...\n",
      " [ 8.08504989e-02 -4.87114687e+00 -5.31085741e-01 ...  9.76484365e+01\n",
      "  -6.92494734e+00  1.52132815e+00]\n",
      " [-2.49681664e+01  1.36797199e+01  1.49781947e+01 ... -6.92494734e+00\n",
      "   1.03477126e+02 -5.88237047e+00]\n",
      " [ 1.80080290e+01  2.12751270e+00 -7.30158386e+00 ...  1.52132815e+00\n",
      "  -5.88237047e+00  9.40137421e+01]]\n",
      "X-1\n",
      "[[ 1.437872   -0.44518437  0.48035737 ...  0.12681005  0.35950803\n",
      "  -0.35810178]\n",
      " [-0.44518437  0.29614848 -0.09069217 ...  0.12765524 -0.14371794\n",
      "   0.11974603]\n",
      " [ 0.48035737 -0.09069217  0.42005792 ...  0.52896848 -0.04327834\n",
      "  -0.09505967]\n",
      " ...\n",
      " [ 0.12681005  0.12765524  0.52896848 ...  2.29507733 -0.69951477\n",
      "  -0.10881443]\n",
      " [ 0.35950803 -0.14371794 -0.04327834 ... -0.69951477  0.46855796\n",
      "  -0.09080341]\n",
      " [-0.35810178  0.11974603 -0.09505967 ... -0.10881443 -0.09080341\n",
      "   0.35392579]]\n",
      "expm argument\n",
      "[[-1.00000000e-02  1.23355496e-15 -1.94976253e-15 ...  3.33066907e-16\n",
      "  -1.52655666e-16 -3.88578059e-16]\n",
      " [ 5.60336611e-16 -1.00000000e-02  5.05463722e-16 ...  1.72084569e-15\n",
      "  -3.09648140e-16  2.22044605e-16]\n",
      " [ 9.79939548e-17  6.53339262e-16 -1.00000000e-02 ... -1.11022302e-16\n",
      "   5.55111512e-17  2.22044605e-16]\n",
      " ...\n",
      " [-1.28744827e-15  1.54366473e-15  5.03926306e-16 ... -1.00000000e-02\n",
      "   1.11022302e-15 -6.10622664e-16]\n",
      " [ 3.04590945e-16 -4.79418582e-16 -4.87193817e-16 ... -1.66533454e-16\n",
      "  -1.00000000e-02  2.91433544e-16]\n",
      " [ 6.61865553e-16  6.66975267e-18  6.14195890e-17 ...  8.32667268e-17\n",
      "  -3.33066907e-16 -1.00000000e-02]]\n",
      "expm\n",
      "[[ 9.90049834e-01  1.22128088e-15 -1.93036207e-15 ...  3.29752836e-16\n",
      "  -1.51136717e-16 -3.84711642e-16]\n",
      " [ 5.54761169e-16  9.90049834e-01  5.00434274e-16 ...  1.70372299e-15\n",
      "  -3.06567090e-16  2.19835224e-16]\n",
      " [ 9.70188987e-17  6.46838428e-16  9.90049834e-01 ... -1.09917612e-16\n",
      "   5.49588060e-17  2.19835224e-16]\n",
      " ...\n",
      " [-1.27463795e-15  1.52830501e-15  4.98912156e-16 ...  9.90049834e-01\n",
      "   1.09917612e-15 -6.04546867e-16]\n",
      " [ 3.01560214e-16 -4.74648288e-16 -4.82346158e-16 ... -1.64876418e-16\n",
      "   9.90049834e-01  2.88533732e-16]\n",
      " [ 6.55279880e-16  6.60338752e-18  6.08084539e-17 ...  8.24382091e-17\n",
      "  -3.29752836e-16  9.90049834e-01]]\n",
      "v altern\n",
      "[[ 1.13612147e+02 -4.43623876e+00 -1.20671576e+01 ...  8.00460230e-02\n",
      "  -2.47197290e+01  1.78288461e+01]\n",
      " [-4.43623876e+00  8.79149965e+01 -1.38554855e+00 ... -4.82267814e+00\n",
      "   1.35436044e+01  2.10634360e+00]\n",
      " [-1.20671576e+01 -1.38554855e+00  9.73917728e+01 ... -5.25801350e-01\n",
      "   1.48291592e+01 -7.22893189e+00]\n",
      " ...\n",
      " [ 8.00460230e-02 -4.82267814e+00 -5.25801350e-01 ...  9.66768183e+01\n",
      "  -6.85604296e+00  1.50619068e+00]\n",
      " [-2.47197290e+01  1.35436044e+01  1.48291592e+01 ... -6.85604296e+00\n",
      "   1.02447511e+02 -5.82383990e+00]\n",
      " [ 1.78288461e+01  2.10634360e+00 -7.22893189e+00 ...  1.50619068e+00\n",
      "  -5.82383990e+00  9.30782897e+01]]\n",
      "v 5.661636136663204e+155\n",
      "[[ 1.13612147e+02 -4.43623876e+00 -1.20671576e+01 ...  8.00460230e-02\n",
      "  -2.47197290e+01  1.78288461e+01]\n",
      " [-4.43623876e+00  8.79149965e+01 -1.38554855e+00 ... -4.82267814e+00\n",
      "   1.35436044e+01  2.10634360e+00]\n",
      " [-1.20671576e+01 -1.38554855e+00  9.73917728e+01 ... -5.25801350e-01\n",
      "   1.48291592e+01 -7.22893189e+00]\n",
      " ...\n",
      " [ 8.00460230e-02 -4.82267814e+00 -5.25801350e-01 ...  9.66768183e+01\n",
      "  -6.85604296e+00  1.50619068e+00]\n",
      " [-2.47197290e+01  1.35436044e+01  1.48291592e+01 ... -6.85604296e+00\n",
      "   1.02447511e+02 -5.82383990e+00]\n",
      " [ 1.78288461e+01  2.10634360e+00 -7.22893189e+00 ...  1.50619068e+00\n",
      "  -5.82383990e+00  9.30782897e+01]]\n",
      " ---------------------------------------------- \n",
      "y 5.661636136666422e+155\n",
      "[[ 1.13612147e+02 -4.43623876e+00 -1.20671576e+01 ...  8.00460230e-02\n",
      "  -2.47197290e+01  1.78288461e+01]\n",
      " [-4.43623876e+00  8.79149965e+01 -1.38554855e+00 ... -4.82267814e+00\n",
      "   1.35436044e+01  2.10634360e+00]\n",
      " [-1.20671576e+01 -1.38554855e+00  9.73917728e+01 ... -5.25801350e-01\n",
      "   1.48291592e+01 -7.22893189e+00]\n",
      " ...\n",
      " [ 8.00460230e-02 -4.82267814e+00 -5.25801350e-01 ...  9.66768183e+01\n",
      "  -6.85604296e+00  1.50619068e+00]\n",
      " [-2.47197290e+01  1.35436044e+01  1.48291592e+01 ... -6.85604296e+00\n",
      "   1.02447511e+02 -5.82383990e+00]\n",
      " [ 1.78288461e+01  2.10634360e+00 -7.22893189e+00 ...  1.50619068e+00\n",
      "  -5.82383990e+00  9.30782897e+01]]\n",
      "x 2.0827995380735974e+155\n",
      "[[ 1.12481687e+02 -4.39209744e+00 -1.19470873e+01 ...  7.92495517e-02\n",
      "  -2.44737636e+01  1.76514461e+01]\n",
      " [-4.39209744e+00  8.70402277e+01 -1.37176211e+00 ... -4.77469170e+00\n",
      "   1.34088433e+01  2.08538513e+00]\n",
      " [-1.19470873e+01 -1.37176211e+00  9.64227085e+01 ... -5.20569539e-01\n",
      "   1.46816066e+01 -7.15700281e+00]\n",
      " ...\n",
      " [ 7.92495517e-02 -4.77469170e+00 -5.20569539e-01 ...  9.57148679e+01\n",
      "  -6.78782419e+00  1.49120383e+00]\n",
      " [-2.44737636e+01  1.34088433e+01  1.46816066e+01 ... -6.78782419e+00\n",
      "   1.01428142e+02 -5.76589173e+00]\n",
      " [ 1.76514461e+01  2.08538513e+00 -7.15700281e+00 ...  1.49120383e+00\n",
      "  -5.76589173e+00  9.21521452e+01]]\n",
      "grad y\n",
      "[[ 1.13612147e+02 -4.43623876e+00 -1.20671576e+01 ...  8.00460230e-02\n",
      "  -2.47197290e+01  1.78288461e+01]\n",
      " [-4.43623876e+00  8.79149965e+01 -1.38554855e+00 ... -4.82267814e+00\n",
      "   1.35436044e+01  2.10634360e+00]\n",
      " [-1.20671576e+01 -1.38554855e+00  9.73917728e+01 ... -5.25801350e-01\n",
      "   1.48291592e+01 -7.22893189e+00]\n",
      " ...\n",
      " [ 8.00460230e-02 -4.82267814e+00 -5.25801350e-01 ...  9.66768183e+01\n",
      "  -6.85604296e+00  1.50619068e+00]\n",
      " [-2.47197290e+01  1.35436044e+01  1.48291592e+01 ... -6.85604296e+00\n",
      "   1.02447511e+02 -5.82383990e+00]\n",
      " [ 1.78288461e+01  2.10634360e+00 -7.22893189e+00 ...  1.50619068e+00\n",
      "  -5.82383990e+00  9.30782897e+01]]\n",
      "X\n",
      "[[ 1.13612147e+02 -4.43623876e+00 -1.20671576e+01 ...  8.00460230e-02\n",
      "  -2.47197290e+01  1.78288461e+01]\n",
      " [-4.43623876e+00  8.79149965e+01 -1.38554855e+00 ... -4.82267814e+00\n",
      "   1.35436044e+01  2.10634360e+00]\n",
      " [-1.20671576e+01 -1.38554855e+00  9.73917728e+01 ... -5.25801350e-01\n",
      "   1.48291592e+01 -7.22893189e+00]\n",
      " ...\n",
      " [ 8.00460230e-02 -4.82267814e+00 -5.25801350e-01 ...  9.66768183e+01\n",
      "  -6.85604296e+00  1.50619068e+00]\n",
      " [-2.47197290e+01  1.35436044e+01  1.48291592e+01 ... -6.85604296e+00\n",
      "   1.02447511e+02 -5.82383990e+00]\n",
      " [ 1.78288461e+01  2.10634360e+00 -7.22893189e+00 ...  1.50619068e+00\n",
      "  -5.82383990e+00  9.30782897e+01]]\n",
      "X-1\n",
      "[[ 1.45232286 -0.44965855  0.48518504 ...  0.12808451  0.36312115\n",
      "  -0.36170077]\n",
      " [-0.44965855  0.29912482 -0.09160364 ...  0.1289382  -0.14516233\n",
      "   0.1209495 ]\n",
      " [ 0.48518504 -0.09160364  0.42427957 ...  0.5342847  -0.04371329\n",
      "  -0.09601504]\n",
      " ...\n",
      " [ 0.12808451  0.1289382   0.5342847  ...  2.31814324 -0.70654501\n",
      "  -0.10990803]\n",
      " [ 0.36312115 -0.14516233 -0.04371329 ... -0.70654501  0.47326705\n",
      "  -0.091716  ]\n",
      " [-0.36170077  0.1209495  -0.09601504 ... -0.10990803 -0.091716\n",
      "   0.35748281]]\n",
      "expm argument\n",
      "[[-1.61803399e-02  2.18465085e-16  4.82689006e-16 ...  1.55431223e-15\n",
      "   2.65065747e-15  5.55111512e-16]\n",
      " [-7.50448738e-16 -1.61803399e-02 -9.71239050e-16 ... -5.27355937e-16\n",
      "  -3.19189120e-16 -1.11022302e-16]\n",
      " [-1.93739910e-15 -5.40894201e-16 -1.61803399e-02 ...  1.11022302e-16\n",
      "  -2.22044605e-16 -1.63757896e-15]\n",
      " ...\n",
      " [-1.53935734e-15  3.77782670e-16 -9.55022585e-16 ... -1.61803399e-02\n",
      "   2.22044605e-16 -1.44328993e-15]\n",
      " [-2.52690636e-16 -4.63199616e-16  6.05005449e-16 ...  3.88578059e-16\n",
      "  -1.61803399e-02  1.94289029e-16]\n",
      " [ 1.01051485e-16  5.26876155e-17  1.80130463e-16 ... -3.33066907e-16\n",
      "  -1.66533454e-16 -1.61803399e-02]]\n",
      "expm\n",
      "[[ 9.83949859e-01  2.14958690e-16  4.74941779e-16 ...  1.52936530e-15\n",
      "   2.60811404e-15  5.46201894e-16]\n",
      " [-7.38403930e-16  9.83949859e-01 -9.55650526e-16 ... -5.18891799e-16\n",
      "  -3.14066089e-16 -1.09240379e-16]\n",
      " [-1.90630357e-15 -5.32212772e-16  9.83949859e-01 ...  1.09240379e-16\n",
      "  -2.18480758e-16 -1.61129559e-15]\n",
      " ...\n",
      " [-1.51465044e-15  3.71719205e-16 -9.39694338e-16 ...  9.83949859e-01\n",
      "   2.18480758e-16 -1.42012492e-15]\n",
      " [-2.48634915e-16 -4.55765197e-16  5.95295026e-16 ...  3.82341326e-16\n",
      "   9.83949859e-01  1.91170663e-16]\n",
      " [ 9.94295945e-17  5.18419718e-17  1.77239344e-16 ... -3.27721136e-16\n",
      "  -1.63860568e-16  9.83949859e-01]]\n",
      "v altern\n",
      "[[ 1.11788656e+02 -4.36503650e+00 -1.18734780e+01 ...  7.87612730e-02\n",
      "  -2.43229739e+01  1.75426906e+01]\n",
      " [-4.36503650e+00  8.65039484e+01 -1.36331030e+00 ... -4.74527348e+00\n",
      "   1.33262277e+01  2.07253649e+00]\n",
      " [-1.18734780e+01 -1.36331030e+00  9.58286211e+01 ... -5.17362164e-01\n",
      "   1.45911491e+01 -7.11290651e+00]\n",
      " ...\n",
      " [ 7.87612730e-02 -4.74527348e+00 -5.17362164e-01 ...  9.51251417e+01\n",
      "  -6.74600250e+00  1.48201610e+00]\n",
      " [-2.43229739e+01  1.33262277e+01  1.45911491e+01 ... -6.74600250e+00\n",
      "   1.00803214e+02 -5.73036645e+00]\n",
      " [ 1.75426906e+01  2.07253649e+00 -7.11290651e+00 ...  1.48201610e+00\n",
      "  -5.73036645e+00  9.15843700e+01]]\n",
      "v 1.1226353717183737e+155\n",
      "[[ 1.11788656e+02 -4.36503650e+00 -1.18734780e+01 ...  7.87612730e-02\n",
      "  -2.43229739e+01  1.75426906e+01]\n",
      " [-4.36503650e+00  8.65039484e+01 -1.36331030e+00 ... -4.74527348e+00\n",
      "   1.33262277e+01  2.07253649e+00]\n",
      " [-1.18734780e+01 -1.36331030e+00  9.58286211e+01 ... -5.17362164e-01\n",
      "   1.45911491e+01 -7.11290651e+00]\n",
      " ...\n",
      " [ 7.87612730e-02 -4.74527348e+00 -5.17362164e-01 ...  9.51251417e+01\n",
      "  -6.74600250e+00  1.48201610e+00]\n",
      " [-2.43229739e+01  1.33262277e+01  1.45911491e+01 ... -6.74600250e+00\n",
      "   1.00803214e+02 -5.73036645e+00]\n",
      " [ 1.75426906e+01  2.07253649e+00 -7.11290651e+00 ...  1.48201610e+00\n",
      "  -5.73036645e+00  9.15843700e+01]]\n",
      " ---------------------------------------------- \n",
      "y 1.1467882029301803e+155\n",
      "[[ 1.11812454e+02 -4.36596575e+00 -1.18760057e+01 ...  7.87780401e-02\n",
      "  -2.43281518e+01  1.75464252e+01]\n",
      " [-4.36596575e+00  8.65223638e+01 -1.36360052e+00 ... -4.74628368e+00\n",
      "   1.33290646e+01  2.07297770e+00]\n",
      " [-1.18760057e+01 -1.36360052e+00  9.58490216e+01 ... -5.17472302e-01\n",
      "   1.45942554e+01 -7.11442074e+00]\n",
      " ...\n",
      " [ 7.87780401e-02 -4.74628368e+00 -5.17472302e-01 ...  9.51453924e+01\n",
      "  -6.74743863e+00  1.48233160e+00]\n",
      " [-2.43281518e+01  1.33290646e+01  1.45942554e+01 ... -6.74743863e+00\n",
      "   1.00824674e+02 -5.73158636e+00]\n",
      " [ 1.75464252e+01  2.07297770e+00 -7.11442074e+00 ...  1.48233160e+00\n",
      "  -5.73158636e+00  9.16038669e+01]]\n",
      "x 4.2187980323576544e+154\n",
      "[[ 1.10699902e+02 -4.32252366e+00 -1.17578374e+01 ...  7.79941855e-02\n",
      "  -2.40860827e+01  1.73718353e+01]\n",
      " [-4.32252366e+00  8.56614519e+01 -1.35003247e+00 ... -4.69905736e+00\n",
      "   1.31964382e+01  2.05235123e+00]\n",
      " [-1.17578374e+01 -1.35003247e+00  9.48953079e+01 ... -5.12323367e-01\n",
      "   1.44490401e+01 -7.04363107e+00]\n",
      " ...\n",
      " [ 7.79941855e-02 -4.69905736e+00 -5.12323367e-01 ...  9.41986800e+01\n",
      "  -6.68030049e+00  1.46758216e+00]\n",
      " [-2.40860827e+01  1.31964382e+01  1.44490401e+01 ... -6.68030049e+00\n",
      "   9.98214515e+01 -5.67455612e+00]\n",
      " [ 1.73718353e+01  2.05235123e+00 -7.04363107e+00 ...  1.46758216e+00\n",
      "  -5.67455612e+00  9.06923932e+01]]\n",
      "grad y\n",
      "[[ 1.11812454e+02 -4.36596575e+00 -1.18760057e+01 ...  7.87780401e-02\n",
      "  -2.43281518e+01  1.75464252e+01]\n",
      " [-4.36596575e+00  8.65223638e+01 -1.36360052e+00 ... -4.74628368e+00\n",
      "   1.33290646e+01  2.07297770e+00]\n",
      " [-1.18760057e+01 -1.36360052e+00  9.58490216e+01 ... -5.17472302e-01\n",
      "   1.45942554e+01 -7.11442074e+00]\n",
      " ...\n",
      " [ 7.87780401e-02 -4.74628368e+00 -5.17472302e-01 ...  9.51453924e+01\n",
      "  -6.74743863e+00  1.48233160e+00]\n",
      " [-2.43281518e+01  1.33290646e+01  1.45942554e+01 ... -6.74743863e+00\n",
      "   1.00824674e+02 -5.73158636e+00]\n",
      " [ 1.75464252e+01  2.07297770e+00 -7.11442074e+00 ...  1.48233160e+00\n",
      "  -5.73158636e+00  9.16038669e+01]]\n",
      "X\n",
      "[[ 1.11788656e+02 -4.36503650e+00 -1.18734780e+01 ...  7.87612730e-02\n",
      "  -2.43229739e+01  1.75426906e+01]\n",
      " [-4.36503650e+00  8.65039484e+01 -1.36331030e+00 ... -4.74527348e+00\n",
      "   1.33262277e+01  2.07253649e+00]\n",
      " [-1.18734780e+01 -1.36331030e+00  9.58286211e+01 ... -5.17362164e-01\n",
      "   1.45911491e+01 -7.11290651e+00]\n",
      " ...\n",
      " [ 7.87612730e-02 -4.74527348e+00 -5.17362164e-01 ...  9.51251417e+01\n",
      "  -6.74600250e+00  1.48201610e+00]\n",
      " [-2.43229739e+01  1.33262277e+01  1.45911491e+01 ... -6.74600250e+00\n",
      "   1.00803214e+02 -5.73036645e+00]\n",
      " [ 1.75426906e+01  2.07253649e+00 -7.11290651e+00 ...  1.48201610e+00\n",
      "  -5.73036645e+00  9.15843700e+01]]\n",
      "X-1\n",
      "[[ 1.47601308 -0.45699336  0.49309935 ...  0.13017382  0.36904436\n",
      "  -0.36760081]\n",
      " [-0.45699336  0.30400413 -0.09309787 ...  0.13104143 -0.14753022\n",
      "   0.12292242]\n",
      " [ 0.49309935 -0.09309787  0.4312004  ...  0.54299992 -0.04442634\n",
      "  -0.09758123]\n",
      " ...\n",
      " [ 0.13017382  0.13104143  0.54299992 ...  2.35595668 -0.71807014\n",
      "  -0.11170084]\n",
      " [ 0.36904436 -0.14753022 -0.04442634 ... -0.71807014  0.48098695\n",
      "  -0.09321206]\n",
      " [-0.36760081  0.12292242 -0.09758123 ... -0.11170084 -0.09321206\n",
      "   0.36331405]]\n",
      "expm argument\n",
      "[[-2.19399405e-02  5.94738121e-16 -4.31164824e-16 ... -2.88657986e-15\n",
      "   3.88578059e-16 -5.55111512e-16]\n",
      " [ 1.02096133e-15 -2.19399405e-02  3.49760949e-16 ...  1.58206781e-15\n",
      "  -6.94756752e-16  1.11022302e-15]\n",
      " [ 1.14341184e-15 -1.81819403e-17 -2.19399405e-02 ... -3.77475828e-15\n",
      "  -1.94289029e-16 -3.88578059e-16]\n",
      " ...\n",
      " [ 3.54230197e-15 -1.93132247e-15 -1.34773945e-15 ... -2.19399405e-02\n",
      "  -8.88178420e-16  6.38378239e-16]\n",
      " [-6.18728624e-16  5.27137213e-16  6.16799432e-16 ...  0.00000000e+00\n",
      "  -2.19399405e-02 -4.44089210e-16]\n",
      " [ 2.52269452e-16  2.95038826e-16  7.49103297e-17 ...  2.77555756e-16\n",
      "   0.00000000e+00 -2.19399405e-02]]\n",
      "expm\n",
      "[[ 9.78298989e-01  5.81831702e-16 -4.21808112e-16 ... -2.82393816e-15\n",
      "   3.80145522e-16 -5.43065031e-16]\n",
      " [ 9.98805437e-16  9.78298989e-01  3.42170783e-16 ...  1.54773534e-15\n",
      "  -6.79679828e-16  1.08613006e-15]\n",
      " [ 1.11859865e-15 -1.77873738e-17  9.78298989e-01 ... -3.69284221e-15\n",
      "  -1.90072761e-16 -3.80145522e-16]\n",
      " ...\n",
      " [ 3.46543044e-15 -1.88941083e-15 -1.31849214e-15 ...  9.78298989e-01\n",
      "  -8.68904050e-16  6.24524786e-16]\n",
      " [-6.05301587e-16  5.15697803e-16  6.03414261e-16 ... -1.72958886e-30\n",
      "   9.78298989e-01 -4.34452025e-16]\n",
      " [ 2.46794950e-16  2.88636186e-16  7.32846998e-17 ...  2.71532516e-16\n",
      "  -2.40044230e-30  9.78298989e-01]]\n",
      "v altern\n",
      "[[ 1.09362729e+02 -4.27031079e+00 -1.16158115e+01 ...  7.70520738e-02\n",
      "  -2.37951407e+01  1.71619965e+01]\n",
      " [-4.27031079e+00  8.46267253e+01 -1.33372508e+00 ... -4.64229625e+00\n",
      "   1.30370351e+01  2.02756035e+00]\n",
      " [-1.16158115e+01 -1.33372508e+00  9.37490432e+01 ... -5.06134882e-01\n",
      "   1.42745064e+01 -6.95854925e+00]\n",
      " ...\n",
      " [ 7.70520738e-02 -4.64229625e+00 -5.06134882e-01 ...  9.30608300e+01\n",
      "  -6.59960743e+00  1.44985486e+00]\n",
      " [-2.37951407e+01  1.30370351e+01  1.42745064e+01 ... -6.59960743e+00\n",
      "   9.86156827e+01 -5.60601171e+00]\n",
      " [ 1.71619965e+01  2.02756035e+00 -6.95854925e+00 ...  1.44985486e+00\n",
      "  -5.60601171e+00  8.95968966e+01]]\n",
      "v 1.2514088171471091e+154\n",
      "[[ 1.09362729e+02 -4.27031079e+00 -1.16158115e+01 ...  7.70520738e-02\n",
      "  -2.37951407e+01  1.71619965e+01]\n",
      " [-4.27031079e+00  8.46267253e+01 -1.33372508e+00 ... -4.64229625e+00\n",
      "   1.30370351e+01  2.02756035e+00]\n",
      " [-1.16158115e+01 -1.33372508e+00  9.37490432e+01 ... -5.06134882e-01\n",
      "   1.42745064e+01 -6.95854925e+00]\n",
      " ...\n",
      " [ 7.70520738e-02 -4.64229625e+00 -5.06134882e-01 ...  9.30608300e+01\n",
      "  -6.59960743e+00  1.44985486e+00]\n",
      " [-2.37951407e+01  1.30370351e+01  1.42745064e+01 ... -6.59960743e+00\n",
      "   9.86156827e+01 -5.60601171e+00]\n",
      " [ 1.71619965e+01  2.02756035e+00 -6.95854925e+00 ...  1.44985486e+00\n",
      "  -5.60601171e+00  8.95968966e+01]]\n",
      " ---------------------------------------------- \n",
      "y 1.3049000873405078e+154\n",
      "[[ 1.09408514e+02 -4.27209857e+00 -1.16206745e+01 ...  7.70843318e-02\n",
      "  -2.38051026e+01  1.71691814e+01]\n",
      " [-4.27209857e+00  8.46621545e+01 -1.33428345e+00 ... -4.64423976e+00\n",
      "   1.30424931e+01  2.02840919e+00]\n",
      " [-1.16206745e+01 -1.33428345e+00  9.37882914e+01 ... -5.06346777e-01\n",
      "   1.42804825e+01 -6.96146246e+00]\n",
      " ...\n",
      " [ 7.70843318e-02 -4.64423976e+00 -5.06346777e-01 ...  9.30997902e+01\n",
      "  -6.60237037e+00  1.45046184e+00]\n",
      " [-2.38051026e+01  1.30424931e+01  1.42804825e+01 ... -6.60237037e+00\n",
      "   9.86569684e+01 -5.60835868e+00]\n",
      " [ 1.71691814e+01  2.02840919e+00 -6.96146246e+00 ...  1.45046184e+00\n",
      "  -5.60835868e+00  8.96344066e+01]]\n",
      "x 4.800459149160472e+153\n",
      "[[ 1.08319881e+02 -4.22959048e+00 -1.15050469e+01 ...  7.63173299e-02\n",
      "  -2.35682379e+01  1.69983452e+01]\n",
      " [-4.22959048e+00  8.38197520e+01 -1.32100711e+00 ... -4.59802880e+00\n",
      "   1.29127181e+01  2.00822619e+00]\n",
      " [-1.15050469e+01 -1.32100711e+00  9.28550824e+01 ... -5.01308542e-01\n",
      "   1.41383893e+01 -6.89219475e+00]\n",
      " ...\n",
      " [ 7.63173299e-02 -4.59802880e+00 -5.01308542e-01 ...  9.21734318e+01\n",
      "  -6.53667569e+00  1.43602951e+00]\n",
      " [-2.35682379e+01  1.29127181e+01  1.41383893e+01 ... -6.53667569e+00\n",
      "   9.76753152e+01 -5.55255458e+00]\n",
      " [ 1.69983452e+01  2.00822619e+00 -6.89219475e+00 ...  1.43602951e+00\n",
      "  -5.55255458e+00  8.87425293e+01]]\n",
      "grad y\n",
      "[[ 1.09408514e+02 -4.27209857e+00 -1.16206745e+01 ...  7.70843318e-02\n",
      "  -2.38051026e+01  1.71691814e+01]\n",
      " [-4.27209857e+00  8.46621545e+01 -1.33428345e+00 ... -4.64423976e+00\n",
      "   1.30424931e+01  2.02840919e+00]\n",
      " [-1.16206745e+01 -1.33428345e+00  9.37882914e+01 ... -5.06346777e-01\n",
      "   1.42804825e+01 -6.96146246e+00]\n",
      " ...\n",
      " [ 7.70843318e-02 -4.64423976e+00 -5.06346777e-01 ...  9.30997902e+01\n",
      "  -6.60237037e+00  1.45046184e+00]\n",
      " [-2.38051026e+01  1.30424931e+01  1.42804825e+01 ... -6.60237037e+00\n",
      "   9.86569684e+01 -5.60835868e+00]\n",
      " [ 1.71691814e+01  2.02840919e+00 -6.96146246e+00 ...  1.45046184e+00\n",
      "  -5.60835868e+00  8.96344066e+01]]\n",
      "X\n",
      "[[ 1.09362729e+02 -4.27031079e+00 -1.16158115e+01 ...  7.70520738e-02\n",
      "  -2.37951407e+01  1.71619965e+01]\n",
      " [-4.27031079e+00  8.46267253e+01 -1.33372508e+00 ... -4.64229625e+00\n",
      "   1.30370351e+01  2.02756035e+00]\n",
      " [-1.16158115e+01 -1.33372508e+00  9.37490432e+01 ... -5.06134882e-01\n",
      "   1.42745064e+01 -6.95854925e+00]\n",
      " ...\n",
      " [ 7.70520738e-02 -4.64229625e+00 -5.06134882e-01 ...  9.30608300e+01\n",
      "  -6.59960743e+00  1.44985486e+00]\n",
      " [-2.37951407e+01  1.30370351e+01  1.42745064e+01 ... -6.59960743e+00\n",
      "   9.86156827e+01 -5.60601171e+00]\n",
      " [ 1.71619965e+01  2.02756035e+00 -6.95854925e+00 ...  1.44985486e+00\n",
      "  -5.60601171e+00  8.95968966e+01]]\n",
      "X-1\n",
      "[[ 1.50875458 -0.46713057  0.50403747 ...  0.13306139  0.37723065\n",
      "  -0.37575508]\n",
      " [-0.46713057  0.31074767 -0.09516301 ...  0.13394825 -0.15080279\n",
      "   0.12564913]\n",
      " [ 0.50403747 -0.09516301  0.44076545 ...  0.55504496 -0.04541182\n",
      "  -0.09974581]\n",
      " ...\n",
      " [ 0.13306139  0.13394825  0.55504496 ...  2.40821743 -0.73399865\n",
      "  -0.11417864]\n",
      " [ 0.37723065 -0.15080279 -0.04541182 ... -0.73399865  0.49165639\n",
      "  -0.09527973]\n",
      " [-0.37575508  0.12564913 -0.09974581 ... -0.11417864 -0.09527973\n",
      "   0.37137322]]\n",
      "expm argument\n",
      "[[-2.75094255e-02  1.20388458e-15 -2.52328482e-15 ... -2.88657986e-15\n",
      "  -5.24580379e-15  1.77635684e-15]\n",
      " [-3.39270414e-16 -2.75094255e-02 -8.43351512e-16 ... -3.16413562e-15\n",
      "  -9.13331910e-16  1.72084569e-15]\n",
      " [ 5.83166124e-16 -1.32645769e-15 -2.75094255e-02 ...  1.55431223e-15\n",
      "  -4.88498131e-15  1.72084569e-15]\n",
      " ...\n",
      " [ 3.19552680e-15  3.86855361e-15  1.79191157e-15 ... -2.75094255e-02\n",
      "  -2.22044605e-15 -1.94289029e-16]\n",
      " [-1.12422696e-16 -1.14850080e-15 -1.60364781e-16 ...  8.88178420e-16\n",
      "  -2.75094255e-02 -1.11022302e-16]\n",
      " [-3.40512150e-17 -5.96176265e-16 -1.98066243e-16 ...  0.00000000e+00\n",
      "   9.43689571e-16 -2.75094255e-02]]\n",
      "expm\n",
      "[[ 9.72865513e-01  1.17121779e-15 -2.45481678e-15 ... -2.80825400e-15\n",
      "  -5.10346160e-15  1.72815631e-15]\n",
      " [-3.30064486e-16  9.72865513e-01 -8.20467601e-16 ... -3.07827842e-15\n",
      "  -8.88549117e-16  1.67415142e-15]\n",
      " [ 5.67342210e-16 -1.29046494e-15  9.72865513e-01 ...  1.51213677e-15\n",
      "  -4.75242985e-15  1.67415142e-15]\n",
      " ...\n",
      " [ 3.10881782e-15  3.76358240e-15  1.74328897e-15 ...  9.72865513e-01\n",
      "  -2.16019538e-15 -1.89017096e-16]\n",
      " [-1.09372164e-16 -1.11733682e-15 -1.56013365e-16 ...  8.64078154e-16\n",
      "   9.72865513e-01 -1.08009769e-16]\n",
      " [-3.31272527e-17 -5.79999328e-16 -1.92691817e-16 ...  3.46883708e-30\n",
      "   9.18083038e-16  9.72865513e-01]]\n",
      "v altern\n",
      "[[ 1.06395228e+02 -4.15443810e+00 -1.13006224e+01 ...  7.49613053e-02\n",
      "  -2.31494718e+01  1.66963145e+01]\n",
      " [-4.15443810e+00  8.23304225e+01 -1.29753514e+00 ... -4.51632992e+00\n",
      "   1.26832818e+01  1.97254354e+00]\n",
      " [-1.13006224e+01 -1.29753514e+00  9.12052109e+01 ... -4.92401171e-01\n",
      "   1.38871750e+01 -6.76973258e+00]\n",
      " ...\n",
      " [ 7.49613053e-02 -4.51632992e+00 -4.92401171e-01 ...  9.05356721e+01\n",
      "  -6.42053047e+00  1.41051379e+00]\n",
      " [-2.31494718e+01  1.26832818e+01  1.38871750e+01 ... -6.42053047e+00\n",
      "   9.59397967e+01 -5.45389545e+00]\n",
      " [ 1.66963145e+01  1.97254354e+00 -6.76973258e+00 ...  1.41051379e+00\n",
      "  -5.45389545e+00  8.71657308e+01]]\n",
      "v 7.992452099579298e+152\n",
      "[[ 1.06395228e+02 -4.15443810e+00 -1.13006224e+01 ...  7.49613053e-02\n",
      "  -2.31494718e+01  1.66963145e+01]\n",
      " [-4.15443810e+00  8.23304225e+01 -1.29753514e+00 ... -4.51632992e+00\n",
      "   1.26832818e+01  1.97254354e+00]\n",
      " [-1.13006224e+01 -1.29753514e+00  9.12052109e+01 ... -4.92401171e-01\n",
      "   1.38871750e+01 -6.76973258e+00]\n",
      " ...\n",
      " [ 7.49613053e-02 -4.51632992e+00 -4.92401171e-01 ...  9.05356721e+01\n",
      "  -6.42053047e+00  1.41051379e+00]\n",
      " [-2.31494718e+01  1.26832818e+01  1.38871750e+01 ... -6.42053047e+00\n",
      "   9.59397967e+01 -5.45389545e+00]\n",
      " [ 1.66963145e+01  1.97254354e+00 -6.76973258e+00 ...  1.41051379e+00\n",
      "  -5.45389545e+00  8.71657308e+01]]\n",
      " ---------------------------------------------- \n",
      "y 8.501519664454281e+152\n",
      "[[ 1.06460944e+02 -4.15700415e+00 -1.13076024e+01 ...  7.50076061e-02\n",
      "  -2.31637704e+01  1.67066272e+01]\n",
      " [-4.15700415e+00  8.23812750e+01 -1.29833658e+00 ... -4.51911949e+00\n",
      "   1.26911158e+01  1.97376191e+00]\n",
      " [-1.13076024e+01 -1.29833658e+00  9.12615451e+01 ... -4.92705310e-01\n",
      "   1.38957526e+01 -6.77391400e+00]\n",
      " ...\n",
      " [ 7.50076061e-02 -4.51911949e+00 -4.92705310e-01 ...  9.05915927e+01\n",
      "  -6.42449620e+00  1.41138501e+00]\n",
      " [-2.31637704e+01  1.26911158e+01  1.38957526e+01 ... -6.42449620e+00\n",
      "   9.59990553e+01 -5.45726413e+00]\n",
      " [ 1.67066272e+01  1.97376191e+00 -6.77391400e+00 ...  1.41138501e+00\n",
      "  -5.45726413e+00  8.72195699e+01]]\n",
      "x 3.127534303263735e+152\n",
      "[[ 1.05401640e+02 -4.11564126e+00 -1.11950899e+01 ...  7.42612680e-02\n",
      "  -2.29332870e+01  1.65403935e+01]\n",
      " [-4.11564126e+00  8.15615677e+01 -1.28541791e+00 ... -4.47415350e+00\n",
      "   1.25648371e+01  1.95412265e+00]\n",
      " [-1.11950899e+01 -1.28541791e+00  9.03534776e+01 ... -4.87802810e-01\n",
      "   1.37574876e+01 -6.70651243e+00]\n",
      " ...\n",
      " [ 7.42612680e-02 -4.47415350e+00 -4.87802810e-01 ...  8.96901913e+01\n",
      "  -6.36057139e+00  1.39734150e+00]\n",
      " [-2.29332870e+01  1.25648371e+01  1.37574876e+01 ... -6.36057139e+00\n",
      "   9.50438487e+01 -5.40296344e+00]\n",
      " [ 1.65403935e+01  1.95412265e+00 -6.70651243e+00 ...  1.39734150e+00\n",
      "  -5.40296344e+00  8.63517207e+01]]\n",
      "grad y\n",
      "[[ 1.06460944e+02 -4.15700415e+00 -1.13076024e+01 ...  7.50076061e-02\n",
      "  -2.31637704e+01  1.67066272e+01]\n",
      " [-4.15700415e+00  8.23812750e+01 -1.29833658e+00 ... -4.51911949e+00\n",
      "   1.26911158e+01  1.97376191e+00]\n",
      " [-1.13076024e+01 -1.29833658e+00  9.12615451e+01 ... -4.92705310e-01\n",
      "   1.38957526e+01 -6.77391400e+00]\n",
      " ...\n",
      " [ 7.50076061e-02 -4.51911949e+00 -4.92705310e-01 ...  9.05915927e+01\n",
      "  -6.42449620e+00  1.41138501e+00]\n",
      " [-2.31637704e+01  1.26911158e+01  1.38957526e+01 ... -6.42449620e+00\n",
      "   9.59990553e+01 -5.45726413e+00]\n",
      " [ 1.67066272e+01  1.97376191e+00 -6.77391400e+00 ...  1.41138501e+00\n",
      "  -5.45726413e+00  8.72195699e+01]]\n",
      "X\n",
      "[[ 1.06395228e+02 -4.15443810e+00 -1.13006224e+01 ...  7.49613053e-02\n",
      "  -2.31494718e+01  1.66963145e+01]\n",
      " [-4.15443810e+00  8.23304225e+01 -1.29753514e+00 ... -4.51632992e+00\n",
      "   1.26832818e+01  1.97254354e+00]\n",
      " [-1.13006224e+01 -1.29753514e+00  9.12052109e+01 ... -4.92401171e-01\n",
      "   1.38871750e+01 -6.76973258e+00]\n",
      " ...\n",
      " [ 7.49613053e-02 -4.51632992e+00 -4.92401171e-01 ...  9.05356721e+01\n",
      "  -6.42053047e+00  1.41051379e+00]\n",
      " [-2.31494718e+01  1.26832818e+01  1.38871750e+01 ... -6.42053047e+00\n",
      "   9.59397967e+01 -5.45389545e+00]\n",
      " [ 1.66963145e+01  1.97254354e+00 -6.76973258e+00 ...  1.41051379e+00\n",
      "  -5.45389545e+00  8.71657308e+01]]\n",
      "X-1\n",
      "[[ 1.55083571 -0.48015945  0.51809574 ...  0.13677264  0.3877521\n",
      "  -0.38623537]\n",
      " [-0.48015945  0.31941482 -0.09781723 ...  0.13768424 -0.15500887\n",
      "   0.12915365]\n",
      " [ 0.51809574 -0.09781723  0.45305898 ...  0.57052589 -0.04667842\n",
      "  -0.10252786]\n",
      " ...\n",
      " [ 0.13677264  0.13768424  0.57052589 ...  2.47538576 -0.75447083\n",
      "  -0.11736323]\n",
      " [ 0.3877521  -0.15500887 -0.04667842 ... -0.75447083  0.50536933\n",
      "  -0.09793721]\n",
      " [-0.38623537  0.12915365 -0.10252786 ... -0.11736323 -0.09793721\n",
      "   0.38173131]]\n",
      "expm argument\n",
      "[[-3.29691481e-02 -4.58497297e-16 -7.78770673e-16 ... -1.02140518e-14\n",
      "   2.52575738e-15 -3.77475828e-15]\n",
      " [-4.53029260e-15 -3.29691481e-02  5.20040707e-17 ...  6.55031585e-15\n",
      "  -2.23779328e-15  3.10862447e-15]\n",
      " [-9.47668637e-16  4.12903854e-17 -3.29691481e-02 ...  1.77635684e-15\n",
      "   1.83186799e-15 -1.83186799e-15]\n",
      " ...\n",
      " [ 1.14027106e-15 -2.29486055e-15  2.43075914e-15 ... -3.29691481e-02\n",
      "  -3.10862447e-15  1.55431223e-15]\n",
      " [-1.56864346e-16  2.87219169e-16  3.26921963e-16 ... -3.33066907e-16\n",
      "  -3.29691481e-02 -8.32667268e-16]\n",
      " [ 1.02194806e-15  6.74054587e-16 -3.48040745e-16 ...  7.77156117e-16\n",
      "   6.10622664e-16 -3.29691481e-02]]\n",
      "expm\n",
      "[[ 9.67568410e-01 -4.43627501e-16 -7.53513903e-16 ... -9.88279389e-15\n",
      "   2.44384305e-15 -3.65233687e-15]\n",
      " [-4.38336801e-15  9.67568410e-01  5.03174960e-17 ...  6.33787869e-15\n",
      "  -2.16521809e-15  3.00780684e-15]\n",
      " [-9.16934236e-16  3.99512726e-17  9.67568410e-01 ...  1.71874676e-15\n",
      "   1.77245760e-15 -1.77245760e-15]\n",
      " ...\n",
      " [ 1.10329026e-15 -2.22043457e-15  2.35192576e-15 ...  9.67568410e-01\n",
      "  -3.00780684e-15  1.50390342e-15]\n",
      " [-1.51776986e-16  2.77904195e-16  3.16319364e-16 ... -3.22265018e-16\n",
      "   9.67568410e-01 -8.05662545e-16]\n",
      " [ 9.88804661e-16  6.52193925e-16 -3.36753230e-16 ...  7.51951709e-16\n",
      "   5.90819200e-16  9.67568410e-01]]\n",
      "v altern\n",
      "[[ 1.02944661e+02 -4.01970307e+00 -1.09341253e+01 ...  7.25301910e-02\n",
      "  -2.23986976e+01  1.61548265e+01]\n",
      " [-4.01970307e+00  7.96603160e+01 -1.25545401e+00 ... -4.36985816e+00\n",
      "   1.22719428e+01  1.90857082e+00]\n",
      " [-1.09341253e+01 -1.25545401e+00  8.82472810e+01 ... -4.76431819e-01\n",
      "   1.34367919e+01 -6.55017939e+00]\n",
      " ...\n",
      " [ 7.25301910e-02 -4.36985816e+00 -4.76431819e-01 ...  8.75994564e+01\n",
      "  -6.21230246e+00  1.36476859e+00]\n",
      " [-2.23986976e+01  1.22719428e+01  1.34367919e+01 ... -6.21230246e+00\n",
      "   9.28283166e+01 -5.27701695e+00]\n",
      " [ 1.61548265e+01  1.90857082e+00 -6.55017939e+00 ...  1.36476859e+00\n",
      "  -5.27701695e+00  8.43388076e+01]]\n",
      "v 2.9569782800139244e+151\n",
      "[[ 1.02944661e+02 -4.01970307e+00 -1.09341253e+01 ...  7.25301910e-02\n",
      "  -2.23986976e+01  1.61548265e+01]\n",
      " [-4.01970307e+00  7.96603160e+01 -1.25545401e+00 ... -4.36985816e+00\n",
      "   1.22719428e+01  1.90857082e+00]\n",
      " [-1.09341253e+01 -1.25545401e+00  8.82472810e+01 ... -4.76431819e-01\n",
      "   1.34367919e+01 -6.55017939e+00]\n",
      " ...\n",
      " [ 7.25301910e-02 -4.36985816e+00 -4.76431819e-01 ...  8.75994564e+01\n",
      "  -6.21230246e+00  1.36476859e+00]\n",
      " [-2.23986976e+01  1.22719428e+01  1.34367919e+01 ... -6.21230246e+00\n",
      "   9.28283166e+01 -5.27701695e+00]\n",
      " [ 1.61548265e+01  1.90857082e+00 -6.55017939e+00 ...  1.36476859e+00\n",
      "  -5.27701695e+00  8.43388076e+01]]\n"
     ]
    },
    {
     "name": "stdout",
     "output_type": "stream",
     "text": [
      " ---------------------------------------------- \n",
      "y 3.2072202352811894e+151\n",
      "[[ 1.03028324e+02 -4.02296987e+00 -1.09430114e+01 ...  7.25891360e-02\n",
      "  -2.24169010e+01  1.61679555e+01]\n",
      " [-4.02296987e+00  7.97250557e+01 -1.25647431e+00 ... -4.37340953e+00\n",
      "   1.22819162e+01  1.91012191e+00]\n",
      " [-1.09430114e+01 -1.25647431e+00  8.83189993e+01 ... -4.76819013e-01\n",
      "   1.34477119e+01 -6.55550271e+00]\n",
      " ...\n",
      " [ 7.25891360e-02 -4.37340953e+00 -4.76819013e-01 ...  8.76706482e+01\n",
      "  -6.21735118e+00  1.36587773e+00]\n",
      " [-2.24169010e+01  1.22819162e+01  1.34477119e+01 ... -6.21735118e+00\n",
      "   9.29037579e+01 -5.28130557e+00]\n",
      " [ 1.61679555e+01  1.91012191e+00 -6.55550271e+00 ...  1.36587773e+00\n",
      "  -5.28130557e+00  8.44073495e+01]]\n",
      "x 1.1798703878706623e+151\n",
      "[[ 1.02003175e+02 -3.98294065e+00 -1.08341266e+01 ...  7.18668621e-02\n",
      "  -2.21938491e+01  1.60070816e+01]\n",
      " [-3.98294065e+00  7.89317782e+01 -1.24397219e+00 ... -4.32989338e+00\n",
      "   1.21597091e+01  1.89111588e+00]\n",
      " [-1.08341266e+01 -1.24397219e+00  8.74402106e+01 ... -4.72074585e-01\n",
      "   1.33139049e+01 -6.49027436e+00]\n",
      " ...\n",
      " [ 7.18668621e-02 -4.32989338e+00 -4.72074585e-01 ...  8.67983106e+01\n",
      "  -6.15548750e+00  1.35228702e+00]\n",
      " [-2.21938491e+01  1.21597091e+01  1.33139049e+01 ... -6.15548750e+00\n",
      "   9.19793501e+01 -5.22875570e+00]\n",
      " [ 1.60070816e+01  1.89111588e+00 -6.49027436e+00 ...  1.35228702e+00\n",
      "  -5.22875570e+00  8.35674823e+01]]\n",
      "grad y\n",
      "[[ 1.03028324e+02 -4.02296987e+00 -1.09430114e+01 ...  7.25891360e-02\n",
      "  -2.24169010e+01  1.61679555e+01]\n",
      " [-4.02296987e+00  7.97250557e+01 -1.25647431e+00 ... -4.37340953e+00\n",
      "   1.22819162e+01  1.91012191e+00]\n",
      " [-1.09430114e+01 -1.25647431e+00  8.83189993e+01 ... -4.76819013e-01\n",
      "   1.34477119e+01 -6.55550271e+00]\n",
      " ...\n",
      " [ 7.25891360e-02 -4.37340953e+00 -4.76819013e-01 ...  8.76706482e+01\n",
      "  -6.21735118e+00  1.36587773e+00]\n",
